$V;D2
* Von Bis
0000 0000
* Faktor
1.00
*  
* KIT Karlsruher Institut für Technologie Fakultät Bau, Geo + Umwelt Karlsruhe
* 20.11.19
* Anzahl Netzobjekte
35
* Netzobjekt-Nummern
         1          2          3          4          5          6          7          8          9         10 
        11         12         13         14         15         16         17         18         19         20 
        21         22         23         24         25         26         27         28         29         30 
        31         32         33         34         35 
*
* Obj 1 Summe = 5000433
  0.00  14.08  24.26   6.73  15.17  17.70  25.17  15.87  13.98  13.17 
 10.38  16.73  15.72  26.58  31.75  15.78 999999.00  26.45 999999.00  14.18 
999999.00 999999.00   8.75 999999.00  10.40   7.38   9.95  13.48   8.13  22.29 
  8.85   9.95  11.03  12.98  11.45 
* Obj 2 Summe = 5000443
 14.08   0.00  24.76  16.17  10.68  10.38  25.65  16.35  14.47  13.65 
 10.87  17.22  16.20  27.07  32.23  16.27 999999.00  26.93 999999.00  14.67 
999999.00 999999.00   9.23 999999.00  10.88   7.87  10.43  13.97   8.62  22.79 
  9.33  10.43  11.52  13.47  11.93 
* Obj 3 Summe = 5000860
 24.45  24.96   0.00  26.63  26.09  28.73  36.50  20.38  34.07  23.37 
 29.83  36.77  35.64  47.16  52.54  35.72 999999.00  47.02 999999.00  33.99 
999999.00 999999.00  28.02 999999.00  29.85  17.96  14.47  23.68  28.84  21.18 
 28.33  29.35  30.55  32.68  15.97 
* Obj 4 Summe = 5000491
  6.73  16.17  26.43   0.00  17.25  19.78  27.25  17.95  16.07  14.63 
 12.47  18.82  17.80  28.67  33.83  17.87 999999.00  28.53 999999.00  16.27 
999999.00 999999.00  10.83 999999.00  12.48   9.47  12.03  14.95  10.22  24.47 
 10.93  12.03  13.12  15.07  13.53 
* Obj 5 Summe = 5000464
 15.17  10.68  25.89  17.25   0.00   8.93  26.73  17.43  15.05  14.73 
 11.45  17.80  16.78  27.65  32.82  16.85 999999.00  27.52 999999.00  15.25 
999999.00 999999.00   9.82 999999.00  11.47   8.95  11.52  15.05   9.70  23.93 
  9.92  11.02  12.10  14.05  13.02 
* Obj 6 Summe = 5000524
 17.70  10.38  28.54  19.78   8.93   0.00  29.27  19.97  17.08  17.27 
 13.48  19.83  18.82  29.68  34.85  18.88 999999.00  29.55 999999.00  17.28 
999999.00 999999.00  11.85 999999.00  13.50  11.48  14.05  17.58  12.23  26.57 
 11.95  13.05  14.13  16.08  15.55 
* Obj 7 Summe = 5000767
 25.17  25.65  36.31  27.25  26.73  29.27   0.00  27.43  25.55  24.73 
 21.95  28.30  27.28  38.15  43.32  27.35 999999.00  38.02 999999.00  25.75 
999999.00 999999.00  20.32 999999.00  21.97  18.95  21.52  25.05  19.70  34.35 
 20.42  21.52  22.60  24.55  23.02 
* Obj 8 Summe = 5000512
 16.05  16.53  20.38  18.13  17.62  20.15  27.62   0.00  21.15  15.62 
 15.67  23.65  21.58  29.17  34.33  18.37 999999.00  29.03 999999.00  16.77 
999999.00 999999.00  13.84 999999.00  12.98   9.83   6.72  15.93  15.13  18.50 
 14.29  12.53  13.62  15.57   6.28 
* Obj 9 Summe = 5000484
 13.85  14.33  37.93  15.93  14.92  16.95  25.42  26.85   0.00  27.12 
  7.40   6.38  12.73  22.37  27.53  12.80 999999.00  23.47 999999.00  11.20 
999999.00 999999.00   5.77 999999.00   7.42   7.63  24.35  27.43   8.38  36.04 
  7.33   6.97   8.05  10.00  22.51 
* Obj 10 Summe = 5000600
 13.17  13.65  23.18  14.63  14.73  17.27  24.73  15.43  24.92   0.00 
 20.69  27.82  26.21  37.29  42.53  26.28 999999.00  37.16 999999.00  24.63 
999999.00 999999.00  18.97 999999.00  20.70   6.95   9.52   7.45  20.48  21.30 
 19.65  20.23  21.36  23.39  11.02 
* Obj 11 Summe = 5000393
 10.25  10.73  35.67  12.33  11.32  13.35  21.82  22.48   7.40  23.38 
  0.00  10.15   9.13  20.00  25.17   9.20 999999.00  19.87 999999.00   7.60 
999999.00 999999.00   2.17 999999.00   3.82   4.03  20.81  23.69   4.78  33.75 
  3.73   3.37   4.45   6.40  17.41 
* Obj 12 Summe = 4000561
 16.72  17.20  41.82  18.80  17.78  19.82  28.28  30.11   6.38  30.24 
 10.27   0.00   9.62  13.72  18.88  14.02  31.85  24.68 999999.00  12.42 
999999.00 999999.00   8.63 999999.00   8.63  10.50  28.85  30.55  11.25  39.93 
 10.20   8.18   9.27  11.22  25.65 
* Obj 13 Summe = 3000552
 15.70  16.18  41.18  17.78  16.77  18.80  27.27  28.67  12.85  28.76 
  9.25   9.62   0.00   9.67  14.83   7.12  27.80  23.67 999999.00  11.02 
999999.00 999999.00   7.62  30.25   7.23   9.48  27.03  29.08  10.23  39.26 
  9.18   7.17   7.87   9.82  23.77 
* Obj 14 Summe = 3000791
 26.47  26.95  51.23  28.55  27.53  29.57  38.03  34.73  22.37  39.44 
 20.02  13.72   9.67   0.00  10.25  11.08  17.90  34.43 999999.00  21.17 
999999.00 999999.00  18.38  20.35  17.38  20.25  38.75  39.75  21.00  49.34 
 19.95  17.93  18.02  19.97  30.32 
* Obj 15 Summe = 3000926
 31.63  32.12  56.43  33.72  32.70  34.73  43.20  39.90  27.53  44.57 
 25.18  18.88  14.83  10.25   0.00   8.67  16.58  39.60 999999.00  26.33 
999999.00 999999.00  23.55  19.03  22.55  25.42  44.23  44.89  26.17  54.53 
 25.12  23.10  23.18  25.13  35.48 
* Obj 16 Summe = 3000536
 15.67  16.15  40.36  17.75  16.73  18.77  27.23  23.93  12.82  28.73 
  9.22  13.92   7.12  11.08   8.67   0.00  27.03  23.63 999999.00  10.37 
999999.00 999999.00   7.58  29.48   6.58   9.45  26.91  29.04  10.20  38.46 
  9.15   7.13   7.22   9.17  19.52 
* Obj 17 Summe = 28000102
999999.00 999999.00 999999.00 999999.00 999999.00 999999.00 999999.00 999999.00 999999.00 999999.00 
999999.00  31.85  27.80  17.90  16.58  27.03   0.00 999999.00 999999.00 999999.00 
999999.00 999999.00 999999.00   8.52 999999.00 999999.00 999999.00 999999.00 999999.00 999999.00 
999999.00 999999.00 999999.00 999999.00 999999.00 
* Obj 18 Summe = 5000823
 26.43  26.92  51.20  28.52  27.50  29.53  38.00  34.70  23.58  39.40 
 19.98  24.68  23.67  34.53  39.70  23.73 999999.00   0.00 999999.00  22.13 
999999.00 999999.00  18.35 999999.00  18.35  20.22  38.71  39.72  20.97  49.31 
 19.92  17.90  18.98  20.93  30.28 
* Obj 19 Summe = 33999966
999999.00 999999.00 999999.00 999999.00 999999.00 999999.00 999999.00 999999.00 999999.00 999999.00 
999999.00 999999.00 999999.00 999999.00 999999.00 999999.00 999999.00 999999.00   0.00 999999.00 
999999.00 999999.00 999999.00 999999.00 999999.00 999999.00 999999.00 999999.00 999999.00 999999.00 
999999.00 999999.00 999999.00 999999.00 999999.00 
* Obj 20 Summe = 5000466
 14.18  14.67  38.86  16.27  15.25  17.28  25.75  22.45  11.33  27.26 
  7.73  12.43  11.13  21.28  26.45  10.48 999999.00  22.15 999999.00   0.00 
999999.00 999999.00   6.10 999999.00   5.10   7.97  25.23  27.58   8.72  36.96 
  7.67   5.65   4.52   2.33  18.03 
* Obj 21 Summe = 33999966
999999.00 999999.00 999999.00 999999.00 999999.00 999999.00 999999.00 999999.00 999999.00 999999.00 
999999.00 999999.00 999999.00 999999.00 999999.00 999999.00 999999.00 999999.00 999999.00 999999.00 
  0.00 999999.00 999999.00 999999.00 999999.00 999999.00 999999.00 999999.00 999999.00 999999.00 
999999.00 999999.00 999999.00 999999.00 999999.00 
* Obj 22 Summe = 33999966
999999.00 999999.00 999999.00 999999.00 999999.00 999999.00 999999.00 999999.00 999999.00 999999.00 
999999.00 999999.00 999999.00 999999.00 999999.00 999999.00 999999.00 999999.00 999999.00 999999.00 
999999.00   0.00 999999.00 999999.00 999999.00 999999.00 999999.00 999999.00 999999.00 999999.00 
999999.00 999999.00 999999.00 999999.00 999999.00 
* Obj 23 Summe = 5000347
  8.62   9.10  34.00  10.70   9.68  11.72  20.18  20.62   5.77  21.78 
  2.17   8.52   7.50  18.37  23.53   7.57 999999.00  18.23 999999.00   5.97 
999999.00 999999.00   0.00 999999.00   2.18   2.40  18.86  22.09   3.15  32.08 
  2.10   1.73   2.82   4.77  15.58 
* Obj 24 Summe = 29000079
999999.00 999999.00 999999.00 999999.00 999999.00 999999.00 999999.00 999999.00 999999.00 999999.00 
999999.00 999999.00  30.25  20.35  19.03  29.48   8.52 999999.00 999999.00 999999.00 
999999.00 999999.00 999999.00   0.00 999999.00 999999.00 999999.00 999999.00 999999.00 999999.00 
999999.00 999999.00 999999.00 999999.00 999999.00 
* Obj 25 Summe = 5000362
 10.28  10.77  34.92  12.37  11.35  13.38  21.85  18.55   7.43  23.42 
  3.83   8.53   7.23  17.38  22.55   6.58 999999.00  18.25 999999.00   4.98 
999999.00 999999.00   2.20 999999.00   0.00   4.07  20.67  23.73   4.82  33.01 
  3.77   1.75   1.83   3.78  14.13 
* Obj 26 Summe = 5000268
  7.38   7.87  17.77   9.47   8.95  11.48  18.95   9.65   7.77   6.95 
  4.17  10.52   9.50  20.37  25.53   9.57 999999.00  20.23 999999.00   7.97 
999999.00 999999.00   2.53 999999.00   4.18   0.00   3.73   7.27   1.92  15.81 
  2.63   3.73   4.82   6.77   5.23 
* Obj 27 Summe = 5000432
 10.13  10.62  14.47  12.22  11.70  14.23  21.70   6.72  17.79   9.70 
 12.25  20.88  19.43  32.77  38.74  19.47 999999.00  32.62 999999.00  17.37 
999999.00 999999.00   9.96 999999.00  12.24   3.92   0.00  10.02  12.26  12.58 
 10.36  11.61  13.11  15.77   2.30 
* Obj 28 Summe = 5000609
 13.48  13.97  23.50  14.95  15.05  17.58  25.05  15.75  25.24   7.45 
 21.02  28.14  26.53  37.62  42.85  26.60 999999.00  37.48 999999.00  24.96 
999999.00 999999.00  19.31 999999.00  21.03   7.27   9.83   0.00  20.80  21.62 
 19.98  20.56  21.69  23.72  11.33 
* Obj 29 Summe = 5000387
  8.13   8.62  33.29  10.22   9.70  12.23  19.70  22.93   8.52  21.58 
  4.92  11.27  10.25  21.12  26.28  10.32 999999.00  20.98 999999.00   8.72 
999999.00 999999.00   3.28 999999.00   4.93   1.92  20.47  21.90   0.00  31.40 
  3.38   4.48   5.57   7.52  18.19 
* Obj 30 Summe = 5000804
 22.48  22.99  21.18  24.66  24.12  26.76  34.55  18.50  32.04  21.48 
 27.74  34.75  33.61  45.19  50.58  33.68 999999.00  45.05 999999.00  31.94 
999999.00 999999.00  25.90 999999.00  27.76  16.00  12.58  21.80  26.83   0.00 
 26.21  27.25  28.46  30.62  14.08 
* Obj 31 Summe = 5000376
  8.85   9.33  33.91  10.93   9.92  11.95  20.42  22.13   7.47  22.00 
  3.87  10.22   9.20  20.07  25.23   9.27 999999.00  19.93 999999.00   7.67 
999999.00 999999.00   2.23 999999.00   3.88   2.63  19.82  22.32   3.38  31.99 
  0.00   3.43   4.52   6.47  17.48 
* Obj 32 Summe = 5000359
  9.93  10.42  34.57  12.02  11.00  13.03  21.50  18.20   7.08  23.07 
  3.48   8.18   7.17  18.03  23.20   7.23 999999.00  17.90 999999.00   5.63 
999999.00 999999.00   1.85 999999.00   1.85   3.72  20.25  23.38   4.47  32.66 
  3.42   0.00   2.48   4.43  13.78 
* Obj 33 Summe = 5000381
 11.03  11.52  35.68  13.12  12.10  14.13  22.60  19.30   8.18  24.15 
  4.58   9.28   7.98  18.13  23.30   7.33 999999.00  19.00 999999.00   4.52 
999999.00 999999.00   2.95 999999.00   1.95   4.82  21.56  24.47   5.57  33.77 
  4.52   2.50   0.00   3.32  14.88 
* Obj 34 Summe = 5000432
 12.98  13.47  37.65  15.07  14.05  16.08  24.55  21.25  10.13  26.08 
  6.53  11.23   9.93  20.08  25.25   9.28 999999.00  20.95 999999.00   2.33 
999999.00 999999.00   4.90 999999.00   3.90   6.77  23.84  26.39   7.52  35.75 
  6.47   4.45   3.32   0.00  16.83 
* Obj 35 Summe = 5000385
 11.63  12.12  15.97  13.72  13.20  15.73  23.20   6.28  16.29  11.20 
 10.70  18.68  16.70  24.75  29.92  13.95 999999.00  24.62 999999.00  12.35 
999999.00 999999.00   8.85 999999.00   8.57   5.42   2.30  11.52  10.25  14.08 
  9.42   8.12   9.20  11.15   0.00 
* Netzobjektnamen
$NAMES
1 ""
2 ""
3 ""
4 ""
5 ""
6 ""
7 ""
8 ""
9 ""
10 ""
11 ""
12 ""
13 ""
14 ""
15 ""
16 ""
17 ""
18 ""
19 ""
20 ""
21 ""
22 ""
23 ""
24 ""
25 ""
26 ""
27 ""
28 ""
29 ""
30 ""
31 ""
32 ""
33 ""
34 ""
35 ""
 