$V;D3
* Von Bis
0000 0000
* Faktor
1.00
*  
* KIT Karlsruher Institut für Technologie Fakultät Bau, Geo + Umwelt Karlsruhe
* 20.11.19
* Anzahl Netzobjekte
35
* Netzobjekt-Nummern
         1          2          3          4          5          6          7          8          9         10 
        11         12         13         14         15         16         17         18         19         20 
        21         22         23         24         25         26         27         28         29         30 
        31         32         33         34         35 
*
* Obj 1 Summe = 500007
 0.000  0.094  0.363  0.045  0.101  0.118  0.143  0.382  0.216  0.211 
 0.198  0.294  0.287  0.386  0.421  0.333 99999.900  0.338 99999.900  0.529 
99999.900 99999.900  0.189 99999.900  0.302  0.049  0.275  0.213  0.104  0.350 
 0.128  0.256  0.349  0.521  0.353 
* Obj 2 Summe = 500007
 0.094  0.000  0.367  0.107  0.071  0.066  0.146  0.385  0.219  0.214 
 0.201  0.297  0.290  0.390  0.424  0.336 99999.900  0.341 99999.900  0.532 
99999.900 99999.900  0.192 99999.900  0.305  0.052  0.278  0.216  0.107  0.353 
 0.132  0.259  0.352  0.525  0.356 
* Obj 3 Summe = 500014
 0.377  0.380  0.000  0.392  0.388  0.406  0.434  0.195  0.557  0.492 
 0.558  0.631  0.651  0.757  0.793  0.698 99999.900  0.708 99999.900  0.893 
99999.900 99999.900  0.548 99999.900  0.662  0.333  0.088  0.494  0.410  0.141 
 0.475  0.616  0.710  0.884  0.166 
* Obj 4 Summe = 500007
 0.045  0.107  0.378  0.000  0.115  0.131  0.157  0.396  0.230  0.097 
 0.211  0.307  0.301  0.400  0.434  0.347 99999.900  0.352 99999.900  0.543 
99999.900 99999.900  0.203 99999.900  0.316  0.063  0.289  0.099  0.117  0.365 
 0.142  0.270  0.363  0.535  0.366 
* Obj 5 Summe = 500006
 0.101  0.071  0.374  0.115  0.000  0.059  0.153  0.392  0.136  0.221 
 0.117  0.214  0.207  0.306  0.340  0.253 99999.900  0.258 99999.900  0.449 
99999.900 99999.900  0.109 99999.900  0.222  0.059  0.285  0.223  0.114  0.361 
 0.048  0.176  0.269  0.441  0.363 
* Obj 6 Summe = 500006
 0.118  0.066  0.392  0.131  0.059  0.000  0.170  0.409  0.149  0.238 
 0.131  0.227  0.220  0.320  0.354  0.267 99999.900  0.272 99999.900  0.463 
99999.900 99999.900  0.123 99999.900  0.235  0.076  0.302  0.240  0.131  0.379 
 0.062  0.189  0.282  0.455  0.380 
* Obj 7 Summe = 500009
 0.143  0.146  0.420  0.157  0.153  0.170  0.000  0.435  0.268  0.263 
 0.250  0.346  0.339  0.439  0.473  0.386 99999.900  0.391 99999.900  0.582 
99999.900 99999.900  0.242 99999.900  0.354  0.102  0.327  0.266  0.156  0.407 
 0.181  0.308  0.402  0.574  0.405 
* Obj 8 Summe = 500014
 0.396  0.399  0.195  0.410  0.407  0.423  0.449  0.000  0.511  0.517 
 0.505  0.579  0.589  0.692  0.726  0.639 99999.900  0.644 99999.900  0.835 
99999.900 99999.900  0.496 99999.900  0.607  0.355  0.113  0.519  0.413  0.183 
 0.437  0.561  0.655  0.827  0.042 
* Obj 9 Summe = 500006
 0.205  0.208  0.541  0.219  0.125  0.139  0.258  0.484  0.000  0.301 
 0.038  0.042  0.128  0.142  0.176  0.174 99999.900  0.179 99999.900  0.370 
99999.900 99999.900  0.030 99999.900  0.143  0.164  0.431  0.303  0.219  0.528 
 0.092  0.097  0.190  0.362  0.454 
* Obj 10 Summe = 500010
 0.211  0.214  0.478  0.097  0.221  0.238  0.263  0.502  0.314  0.000 
 0.298  0.387  0.387  0.486  0.520  0.433 99999.900  0.438 99999.900  0.629 
99999.900 99999.900  0.290 99999.900  0.402  0.169  0.395  0.050  0.205  0.465 
 0.233  0.356  0.449  0.621  0.473 
* Obj 11 Summe = 500006
 0.187  0.190  0.563  0.201  0.107  0.120  0.240  0.484  0.038  0.282 
 0.000  0.116  0.110  0.209  0.243  0.156 99999.900  0.161 99999.900  0.352 
99999.900 99999.900  0.012 99999.900  0.124  0.146  0.446  0.285  0.200  0.550 
 0.074  0.079  0.172  0.344  0.454 
* Obj 12 Summe = 400008
 0.294  0.297  0.652  0.307  0.214  0.227  0.346  0.548  0.042  0.382 
 0.127  0.000  0.064  0.091  0.125  0.124  0.186  0.130 99999.900  0.320 
99999.900 99999.900  0.119 99999.900  0.093  0.252  0.538  0.384  0.307  0.639 
 0.181  0.047  0.140  0.313  0.519 
* Obj 13 Summe = 300008
 0.287  0.290  0.656  0.301  0.207  0.220  0.339  0.572  0.138  0.383 
 0.120  0.064  0.000  0.060  0.094  0.047  0.155  0.123 99999.900  0.271 
99999.900 99999.900  0.112  0.163  0.044  0.245  0.547  0.385  0.300  0.644 
 0.174  0.040  0.091  0.263  0.543 
* Obj 14 Summe = 300010
 0.377  0.380  0.769  0.391  0.297  0.311  0.430  0.669  0.142  0.473 
 0.210  0.091  0.060  0.000  0.066  0.070  0.101  0.213 99999.900  0.320 
99999.900 99999.900  0.202  0.108  0.092  0.336  0.670  0.475  0.390  0.756 
 0.264  0.130  0.140  0.312  0.639 
* Obj 15 Summe = 300010
 0.411  0.414  0.803  0.425  0.331  0.345  0.464  0.703  0.176  0.507 
 0.244  0.125  0.094  0.066  0.000  0.058  0.095  0.247 99999.900  0.354 
99999.900 99999.900  0.236  0.102  0.127  0.370  0.707  0.510  0.424  0.790 
 0.298  0.165  0.174  0.346  0.673 
* Obj 16 Summe = 300008
 0.324  0.327  0.714  0.338  0.244  0.257  0.376  0.615  0.175  0.419 
 0.157  0.115  0.047  0.070  0.058  0.000  0.154  0.160 99999.900  0.267 
99999.900 99999.900  0.149  0.162  0.039  0.282  0.605  0.422  0.337  0.702 
 0.211  0.077  0.086  0.259  0.586 
* Obj 17 Summe = 2799998
99999.900 99999.900 99999.900 99999.900 99999.900 99999.900 99999.900 99999.900 99999.900 99999.900 
99999.900  0.186  0.155  0.101  0.095  0.154  0.000 99999.900 99999.900 99999.900 
99999.900 99999.900 99999.900  0.048 99999.900 99999.900 99999.900 99999.900 99999.900 99999.900 
99999.900 99999.900 99999.900 99999.900 99999.900 
* Obj 18 Summe = 500009
 0.338  0.341  0.730  0.352  0.258  0.272  0.391  0.630  0.190  0.434 
 0.171  0.130  0.123  0.222  0.256  0.169 99999.900  0.000 99999.900  0.365 
99999.900 99999.900  0.163 99999.900  0.138  0.297  0.631  0.437  0.352  0.717 
 0.225  0.092  0.185  0.357  0.601 
* Obj 19 Summe = 3399997
99999.900 99999.900 99999.900 99999.900 99999.900 99999.900 99999.900 99999.900 99999.900 99999.900 
99999.900 99999.900 99999.900 99999.900 99999.900 99999.900 99999.900 99999.900  0.000 99999.900 
99999.900 99999.900 99999.900 99999.900 99999.900 99999.900 99999.900 99999.900 99999.900 99999.900 
99999.900 99999.900 99999.900 99999.900 99999.900 
* Obj 20 Summe = 500013
 0.529  0.532  0.920  0.543  0.449  0.463  0.582  0.821  0.381  0.625 
 0.363  0.320  0.280  0.329  0.363  0.276 99999.900  0.365 99999.900  0.000 
99999.900 99999.900  0.354 99999.900  0.245  0.488  0.808  0.627  0.543  0.907 
 0.416  0.283  0.190  0.015  0.792 
* Obj 21 Summe = 3399997
99999.900 99999.900 99999.900 99999.900 99999.900 99999.900 99999.900 99999.900 99999.900 99999.900 
99999.900 99999.900 99999.900 99999.900 99999.900 99999.900 99999.900 99999.900 99999.900 99999.900 
 0.000 99999.900 99999.900 99999.900 99999.900 99999.900 99999.900 99999.900 99999.900 99999.900 
99999.900 99999.900 99999.900 99999.900 99999.900 
* Obj 22 Summe = 3399997
99999.900 99999.900 99999.900 99999.900 99999.900 99999.900 99999.900 99999.900 99999.900 99999.900 
99999.900 99999.900 99999.900 99999.900 99999.900 99999.900 99999.900 99999.900 99999.900 99999.900 
99999.900  0.000 99999.900 99999.900 99999.900 99999.900 99999.900 99999.900 99999.900 99999.900 
99999.900 99999.900 99999.900 99999.900 99999.900 
* Obj 23 Summe = 500006
 0.179  0.182  0.555  0.193  0.098  0.112  0.231  0.475  0.030  0.274 
 0.012  0.108  0.101  0.201  0.235  0.147 99999.900  0.153 99999.900  0.344 
99999.900 99999.900  0.000 99999.900  0.116  0.137  0.435  0.276  0.192  0.542 
 0.066  0.070  0.163  0.336  0.445 
* Obj 24 Summe = 2899998
99999.900 99999.900 99999.900 99999.900 99999.900 99999.900 99999.900 99999.900 99999.900 99999.900 
99999.900 99999.900  0.163  0.108  0.102  0.162  0.048 99999.900 99999.900 99999.900 
99999.900 99999.900 99999.900  0.000 99999.900 99999.900 99999.900 99999.900 99999.900 99999.900 
99999.900 99999.900 99999.900 99999.900 99999.900 
* Obj 25 Summe = 500007
 0.293  0.296  0.682  0.306  0.212  0.226  0.345  0.584  0.144  0.388 
 0.126  0.084  0.044  0.092  0.127  0.039 99999.900  0.128 99999.900  0.235 
99999.900 99999.900  0.117 99999.900  0.000  0.251  0.564  0.390  0.306  0.669 
 0.180  0.046  0.055  0.227  0.555 
* Obj 26 Summe = 500006
 0.049  0.052  0.319  0.063  0.059  0.076  0.102  0.341  0.174  0.169 
 0.156  0.252  0.245  0.345  0.379  0.292 99999.900  0.297 99999.900  0.488 
99999.900 99999.900  0.148 99999.900  0.260  0.000  0.233  0.172  0.062  0.306 
 0.087  0.214  0.308  0.480  0.311 
* Obj 27 Summe = 500011
 0.289  0.292  0.088  0.303  0.299  0.316  0.341  0.113  0.431  0.409 
 0.428  0.507  0.527  0.656  0.696  0.584 99999.900  0.608 99999.900  0.776 
99999.900 99999.900  0.416 99999.900  0.539  0.247  0.000  0.411  0.318  0.075 
 0.349  0.492  0.588  0.765  0.083 
* Obj 28 Summe = 500010
 0.213  0.216  0.480  0.099  0.223  0.240  0.266  0.505  0.316  0.050 
 0.300  0.389  0.389  0.488  0.522  0.435 99999.900  0.440 99999.900  0.632 
99999.900 99999.900  0.292 99999.900  0.404  0.172  0.397  0.000  0.208  0.467 
 0.235  0.358  0.451  0.624  0.475 
* Obj 29 Summe = 500008
 0.104  0.107  0.412  0.117  0.114  0.131  0.156  0.405  0.229  0.198 
 0.211  0.307  0.300  0.400  0.434  0.346 99999.900  0.352 99999.900  0.543 
99999.900 99999.900  0.203 99999.900  0.315  0.062  0.326  0.200  0.000  0.399 
 0.142  0.269  0.362  0.535  0.375 
* Obj 30 Summe = 500014
 0.364  0.367  0.141  0.378  0.375  0.392  0.421  0.183  0.543  0.479 
 0.543  0.618  0.638  0.743  0.779  0.684 99999.900  0.695 99999.900  0.879 
99999.900 99999.900  0.533 99999.900  0.648  0.320  0.075  0.481  0.397  0.000 
 0.461  0.601  0.696  0.870  0.153 
* Obj 31 Summe = 500006
 0.128  0.132  0.501  0.142  0.048  0.062  0.181  0.429  0.103  0.223 
 0.085  0.181  0.174  0.274  0.308  0.220 99999.900  0.225 99999.900  0.416 
99999.900 99999.900  0.076 99999.900  0.189  0.087  0.384  0.226  0.142  0.488 
 0.000  0.143  0.236  0.408  0.399 
* Obj 32 Summe = 500007
 0.256  0.259  0.646  0.270  0.176  0.189  0.308  0.547  0.107  0.351 
 0.089  0.047  0.040  0.140  0.174  0.086 99999.900  0.092 99999.900  0.283 
99999.900 99999.900  0.081 99999.900  0.055  0.214  0.527  0.353  0.269  0.633 
 0.143  0.000  0.102  0.275  0.518 
* Obj 33 Summe = 500009
 0.349  0.352  0.739  0.363  0.269  0.282  0.402  0.641  0.200  0.444 
 0.182  0.140  0.100  0.149  0.183  0.096 99999.900  0.185 99999.900  0.190 
99999.900 99999.900  0.174 99999.900  0.064  0.308  0.622  0.447  0.362  0.726 
 0.236  0.102  0.000  0.181  0.611 
* Obj 34 Summe = 500013
 0.521  0.525  0.912  0.535  0.441  0.455  0.574  0.813  0.373  0.617 
 0.354  0.313  0.272  0.321  0.355  0.268 99999.900  0.357 99999.900  0.015 
99999.900 99999.900  0.346 99999.900  0.237  0.480  0.798  0.619  0.535  0.899 
 0.408  0.275  0.181  0.000  0.784 
* Obj 35 Summe = 500013
 0.367  0.370  0.166  0.381  0.377  0.394  0.419  0.042  0.482  0.487 
 0.475  0.552  0.560  0.663  0.697  0.609 99999.900  0.615 99999.900  0.806 
99999.900 99999.900  0.467 99999.900  0.578  0.325  0.083  0.489  0.383  0.153 
 0.408  0.532  0.625  0.798  0.000 
* Netzobjektnamen
$NAMES
1 ""
2 ""
3 ""
4 ""
5 ""
6 ""
7 ""
8 ""
9 ""
10 ""
11 ""
12 ""
13 ""
14 ""
15 ""
16 ""
17 ""
18 ""
19 ""
20 ""
21 ""
22 ""
23 ""
24 ""
25 ""
26 ""
27 ""
28 ""
29 ""
30 ""
31 ""
32 ""
33 ""
34 ""
35 ""
 