$V;D2
* Von Bis
0000 0000
* Faktor
1.00
*  
* KIT Karlsruher Institut für Technologie Fakultät Bau, Geo + Umwelt Karlsruhe
* 20.11.19
* Anzahl Netzobjekte
35
* Netzobjekt-Nummern
         1          2          3          4          5          6          7          8          9         10 
        11         12         13         14         15         16         17         18         19         20 
        21         22         23         24         25         26         27         28         29         30 
        31         32         33         34         35 
*
* Obj 1 Summe = 2000214
  0.00   1.52   8.48   0.55   1.60   2.39   3.14   9.31   4.69   1.75 
  5.61   5.10   6.71   7.26   8.33   7.60  10.10   8.48 999999.00  15.36 
 16.67 999999.00   5.39  10.66   8.44   0.69   7.43   1.78   3.16   8.37 
  3.42   7.48  10.14  15.28   8.96 
* Obj 2 Summe = 2000211
  1.52   0.00   6.89   1.91   0.85   0.92   3.37   7.73   4.74   4.58 
  5.66   5.16   6.76   7.31   8.38   7.65  10.15   8.54 999999.00  15.41 
 16.72 999999.00   5.44  10.71   8.49   0.93   5.85   4.61   2.40   6.79 
  2.97   7.53  10.19  15.33   7.38 
* Obj 3 Summe = 2000377
  8.47   6.89   0.00   8.86   7.80   6.65  10.33   3.65  11.63  11.53 
 12.55  12.04  13.65  14.20  15.27  14.54  17.04  15.42 999999.00  22.30 
 23.61 999999.00  12.32  17.59  15.38   7.88   1.20  11.56   9.14   1.68 
  8.75  14.42  17.07  22.21   3.30 
* Obj 4 Summe = 2000225
  0.55   1.91   8.86   0.00   1.99   2.78   3.52   9.70   5.07   1.73 
  6.00   5.49   7.09   7.64   8.71   7.99  10.49   8.87 999999.00  15.74 
 17.05 999999.00   5.77  11.04   8.83   1.08   7.81   1.77   3.54   8.75 
  3.80   7.86  10.52  15.66   9.35 
* Obj 5 Summe = 2000175
  1.60   0.85   7.81   1.99   0.00   0.72   3.46   8.64   2.48   4.66 
  3.41   2.90   4.50   5.05   6.12   5.40   7.90   6.28 999999.00  13.16 
 14.46 999999.00   3.18   8.45   6.24   1.01   6.76   4.69   2.49   7.70 
  0.91   5.28   7.93  13.07   8.29 
* Obj 6 Summe = 2000200
  2.39   0.92   6.65   2.78   0.72   0.00   4.25   7.49   3.94   5.45 
  4.87   4.36   5.96   6.51   7.58   6.85   9.36   7.74 999999.00  14.61 
 15.92 999999.00   4.64   9.91   7.70   1.80   5.60   5.48   3.17   6.54 
  1.06   6.73   9.39  14.53   7.14 
* Obj 7 Summe = 2000278
  3.14   3.37  10.33   3.52   3.46   4.25   0.00  11.17   6.54   6.20 
  7.47   6.96   8.56   9.11  10.18   9.46  11.96  10.34 999999.00  17.21 
 18.52 999999.00   7.24  12.51  10.30   2.55   9.28   6.23   5.01  10.22 
  5.27   9.33  11.99  17.13  10.82 
* Obj 8 Summe = 2000401
  9.31   7.73   3.65   9.70   8.64   7.49  11.17   0.00  12.46  12.37 
 13.39  12.88  14.48  15.03  16.10  15.38  17.88  16.26 999999.00  23.14 
 24.44 999999.00  13.16  18.43  16.22   8.72   2.51  12.40   9.98   3.50 
  9.59  15.25  17.91  23.05   0.52 
* Obj 9 Summe = 2000196
  4.69   4.74  11.63   5.07   2.48   3.94   6.54  12.46   0.00   7.74 
  1.03   0.52   3.04   3.84   4.91   4.18   6.69   3.90 999999.00  11.29 
 12.08 999999.00   0.80   7.24   3.93   4.09  10.58   7.78   6.38  11.52 
  3.08   2.96   5.62  11.21  12.11 
* Obj 10 Summe = 2000302
  1.75   4.58  11.53   1.73   4.66   5.45   6.20  12.37   7.74   0.00 
  8.67   8.16   9.76  10.31  11.38  10.66  13.16  11.54 999999.00  18.42 
 19.72 999999.00   8.44  13.71  11.50   3.75  10.48   0.60   6.21  11.43 
  6.48  10.54  13.19  18.33  12.02 
* Obj 11 Summe = 2000217
  5.61   5.66  12.55   6.00   3.41   4.87   7.47  13.39   1.03   8.67 
  0.00   1.44   3.67   4.77   5.84   4.94   7.61   2.94 999999.00  11.87 
 11.12 999999.00   0.26   8.16   4.55   5.02  11.50   8.70   7.30  12.44 
  4.00   3.15   6.24  11.78  13.04 
* Obj 12 Summe = 2000177
  5.10   5.16  12.04   5.49   2.90   4.36   6.96  12.88   0.52   8.16 
  1.44   0.00   0.77   1.95   3.02   2.04   4.79   2.20 999999.00   9.22 
  9.87 999999.00   1.21   5.35   1.65   4.51  10.99   8.19   6.79  11.93 
  3.49   0.68   3.34   9.13  12.53 
* Obj 13 Summe = 2000198
  6.71   6.76  13.65   7.09   4.50   5.96   8.56  14.48   3.04   9.76 
  3.67   0.77   0.00   0.97   1.99   0.58   3.76   2.13 999999.00   7.76 
  9.00 999999.00   3.74   4.31   0.78   6.11  12.60   9.80   8.39  13.54 
  5.10   0.62   2.47   7.68  14.13 
* Obj 14 Summe = 2000218
  7.26   7.31  14.20   7.64   5.05   6.51   9.11  15.03   3.83  10.31 
  4.76   1.95   0.97   0.00   0.93   1.09   2.20   4.16 999999.00   8.65 
 10.40 999999.00   4.53   2.75   2.38   6.66  13.15  10.35   8.94  14.09 
  5.65   2.64   4.08   8.57  14.68 
* Obj 15 Summe = 2000238
  8.33   8.38  15.27   8.71   6.12   7.58  10.18  16.10   4.90  11.38 
  5.83   3.02   1.99   0.93   0.00   0.87   1.96   5.23 999999.00   7.55 
  9.30 999999.00   5.60   2.52   2.91   7.74  14.22  11.42  10.02  15.16 
  6.72   3.71   3.46   7.47  15.75 
* Obj 16 Summe = 2000214
  7.60   7.65  14.54   7.99   5.40   6.85   9.46  15.38   4.18  10.66 
  4.94   2.04   0.58   1.09   0.87   0.00   3.21   3.40 999999.00   6.27 
  8.02 999999.00   4.88   3.76   0.73   7.01  13.49  10.69   9.29  14.43 
  5.99   1.89   2.42   6.18  15.03 
* Obj 17 Summe = 2000288
 10.10  10.15  17.04  10.49   7.90   9.36  11.96  17.88   6.68  13.16 
  7.61   4.79   3.76   2.20   1.96   3.21   0.00   7.00 999999.00   8.31 
 10.05 999999.00   7.38   1.05   5.06   9.51  15.99  13.19  11.79  16.93 
  8.49   5.49   5.33   8.22  17.53 
* Obj 18 Summe = 2000255
  8.48   8.54  15.42   8.87   6.28   7.74  10.34  16.26   3.90  11.54 
  2.94   2.20   2.13   4.16   5.23   3.40   7.00   0.00 999999.00  10.33 
  9.58 999999.00   3.13   7.55   3.01   7.89  14.37  11.57  10.17  15.32 
  6.87   1.62   4.70  10.25  15.91 
* Obj 19 Summe = 33999966
999999.00 999999.00 999999.00 999999.00 999999.00 999999.00 999999.00 999999.00 999999.00 999999.00 
999999.00 999999.00 999999.00 999999.00 999999.00 999999.00 999999.00 999999.00   0.00 999999.00 
999999.00 999999.00 999999.00 999999.00 999999.00 999999.00 999999.00 999999.00 999999.00 999999.00 
999999.00 999999.00 999999.00 999999.00 999999.00 
* Obj 20 Summe = 2000422
 15.36  15.41  22.30  15.74  13.16  14.61  17.21  23.14  11.29  18.42 
 11.86   9.22   7.76   8.65   7.55   6.27   8.31  10.32 999999.00   0.00 
 11.35 999999.00  11.99   8.95   7.91  14.77  21.25  18.45  17.05  22.19 
 13.75   9.07   7.66   0.18  22.79 
* Obj 21 Summe = 2000466
 16.66  16.71  23.60  17.05  14.46  15.92  18.52  24.44  12.08  19.72 
 11.12   9.87   9.00  10.40   9.30   8.02  10.05   9.58 999999.00  11.35 
  0.00 999999.00  11.31  10.70   8.33  16.07  22.55  19.75  18.35  23.49 
 15.05   9.66   9.41  11.26  24.09 
* Obj 22 Summe = 33999966
999999.00 999999.00 999999.00 999999.00 999999.00 999999.00 999999.00 999999.00 999999.00 999999.00 
999999.00 999999.00 999999.00 999999.00 999999.00 999999.00 999999.00 999999.00 999999.00 999999.00 
999999.00   0.00 999999.00 999999.00 999999.00 999999.00 999999.00 999999.00 999999.00 999999.00 
999999.00 999999.00 999999.00 999999.00 999999.00 
* Obj 23 Summe = 2000213
  5.39   5.44  12.32   5.77   3.18   4.64   7.24  13.16   0.80   8.44 
  0.26   1.21   3.74   4.54   5.61   4.88   7.38   3.13 999999.00  11.99 
 11.32 999999.00   0.00   7.94   4.62   4.79  11.28   8.48   7.07  12.22 
  3.78   3.35   6.32  11.90  12.81 
* Obj 24 Summe = 2000305
 10.66  10.71  17.59  11.04   8.45   9.91  12.51  18.43   7.23  13.71 
  8.16   5.35   4.31   2.75   2.52   3.76   1.05   7.55 999999.00   8.95 
 10.70 999999.00   7.93   0.00   5.62  10.06  16.55  13.75  12.34  17.49 
  9.05   6.04   5.98   8.87  18.08 
* Obj 25 Summe = 2000236
  8.44   8.49  15.38   8.83   6.24   7.70  10.30  16.22   3.93  11.50 
  4.55   1.65   0.78   2.38   2.91   0.73   5.06   3.01 999999.00   7.91 
  8.33 999999.00   4.62   5.62   0.00   7.85  14.33  11.53  10.13  15.27 
  6.83   1.50   1.79   7.82  15.87 
* Obj 26 Summe = 2000202
  0.69   0.93   7.88   1.08   1.01   1.80   2.55   8.72   4.09   3.75 
  5.02   4.51   6.11   6.66   7.74   7.01   9.51   7.89 999999.00  14.77 
 16.08 999999.00   4.79  10.06   7.85   0.00   6.84   3.78   2.57   7.78 
  2.83   6.89   9.54  14.68   8.37 
* Obj 27 Summe = 2000345
  7.43   5.85   1.20   7.81   6.75   5.60   9.28   2.51  10.58  10.48 
 11.50  10.99  12.60  13.15  14.22  13.49  15.99  14.37 999999.00  21.25 
 22.56 999999.00  11.28  16.55  14.33   6.83   0.00  10.52   8.09   1.05 
  7.70  13.37  16.03  21.17   2.16 
* Obj 28 Summe = 2000304
  1.78   4.61  11.57   1.77   4.69   5.48   6.23  12.40   7.78   0.60 
  8.70   8.19   9.80  10.35  11.42  10.69  13.19  11.57 999999.00  18.45 
 19.76 999999.00   8.48  13.75  11.53   3.78  10.52   0.00   6.25  11.46 
  6.51  10.57  13.23  18.37  12.05 
* Obj 29 Summe = 2000265
  3.16   2.40   9.14   3.54   2.49   3.17   5.01   9.98   6.38   6.21 
  7.30   6.79   8.39   8.94  10.02   9.29  11.79  10.17 999999.00  17.05 
 18.36 999999.00   7.07  12.34  10.13   2.57   8.09   6.25   0.00   9.03 
  4.60   9.17  11.82  16.96   9.63 
* Obj 30 Summe = 2000373
  8.37   6.79   1.68   8.75   7.70   6.54  10.22   3.50  11.52  11.42 
 12.44  11.93  13.54  14.09  15.16  14.43  16.93  15.32 999999.00  22.19 
 23.50 999999.00  12.22  17.49  15.27   7.77   1.05  11.46   9.03   0.00 
  8.64  14.31  16.97  22.11   3.15 
* Obj 31 Summe = 2000206
  3.42   2.97   8.75   3.80   0.91   1.06   5.27   9.59   3.08   6.48 
  4.00   3.49   5.10   5.65   6.72   5.99   8.49   6.87 999999.00  13.75 
 15.06 999999.00   3.78   9.05   6.83   2.83   7.70   6.51   4.60   8.64 
  0.00   5.87   8.53  13.67   9.24 
* Obj 32 Summe = 2000222
  7.48   7.53  14.42   7.86   5.28   6.73   9.33  15.25   2.96  10.54 
  3.15   0.68   0.62   2.64   3.71   1.89   5.49   1.62 999999.00   9.07 
  9.66 999999.00   3.35   6.04   1.50   6.89  13.37  10.57   9.17  14.31 
  5.87   0.00   3.19   8.98  14.90 
* Obj 33 Summe = 2000280
 10.13  10.19  17.07  10.52   7.93   9.39  11.99  17.91   5.62  13.19 
  6.24   3.34   2.47   4.08   3.46   2.42   5.33   4.70 999999.00   7.66 
  9.41 999999.00   6.31   5.98   1.79   9.54  16.02  13.22  11.82  16.97 
  8.52   3.19   0.00   7.58  17.56 
* Obj 34 Summe = 2000419
 15.28  15.33  22.21  15.66  13.07  14.53  17.13  23.05  11.21  18.33 
 11.78   9.13   7.68   8.57   7.47   6.18   8.22  10.24 999999.00   0.18 
 11.26 999999.00  11.90   8.87   7.82  14.68  21.17  18.37  16.96  22.11 
 13.67   8.98   7.58   0.00  22.70 
* Obj 35 Summe = 2000390
  8.96   7.38   3.30   9.35   8.29   7.14  10.82   0.52  12.11  12.02 
 13.04  12.53  14.13  14.68  15.75  15.03  17.53  15.91 999999.00  22.79 
 24.09 999999.00  12.81  18.08  15.87   8.37   2.16  12.05   9.63   3.15 
  9.24  14.90  17.56  22.70   0.00 
* Netzobjektnamen
$NAMES
1 ""
2 ""
3 ""
4 ""
5 ""
6 ""
7 ""
8 ""
9 ""
10 ""
11 ""
12 ""
13 ""
14 ""
15 ""
16 ""
17 ""
18 ""
19 ""
20 ""
21 ""
22 ""
23 ""
24 ""
25 ""
26 ""
27 ""
28 ""
29 ""
30 ""
31 ""
32 ""
33 ""
34 ""
35 ""
 