$V;D2
* Von Bis
0000 0000
* Faktor
1.00
*  
* KIT Karlsruher Institut für Technologie Fakultät Bau, Geo + Umwelt Karlsruhe
* 20.11.19
* Anzahl Netzobjekte
35
* Netzobjekt-Nummern
         1          2          3          4          5          6          7          8          9         10 
        11         12         13         14         15         16         17         18         19         20 
        21         22         23         24         25         26         27         28         29         30 
        31         32         33         34         35 
*
* Obj 1 Summe = 100
  0.00   1.13   3.62   0.55   1.21   1.42   1.73   3.36   2.02   1.16 
  2.38   2.44   2.99   3.10   3.52   3.47   4.26   3.80   5.69   4.51 
  5.14   3.59   2.28   4.34   3.75   0.60   2.63   1.19   2.11   3.47 
  2.08   3.49   4.88   5.41   3.01 
* Obj 2 Summe = 97
  1.13   0.00   3.03   1.29   0.85   0.83   1.76   2.77   2.05   2.23 
  2.41   2.47   3.03   3.14   3.55   3.51   4.29   3.83   5.11   3.93 
  4.55   3.01   2.31   4.37   3.79   0.63   2.05   2.26   1.75   2.88 
  2.11   3.52   4.92   4.82   2.42 
* Obj 3 Summe = 154
  3.64   3.00   0.00   3.80   3.36   2.86   4.27   2.04   4.57   4.74 
  4.93   4.98   5.54   5.65   5.88   5.49   6.16   6.19   6.44   5.25 
  5.88   3.87   4.83   6.16   5.51   3.14   1.05   4.78   4.26   1.68 
  4.18   5.88   6.36   6.15   1.69 
* Obj 4 Summe = 105
  0.55   1.29   3.78   0.00   1.38   1.58   1.89   3.52   2.18   1.16 
  2.55   2.60   3.16   3.27   3.68   3.64   4.42   3.96   5.86   4.68 
  5.30   3.76   2.44   4.50   3.92   0.76   2.80   1.20   2.27   3.63 
  2.24   3.65   5.05   5.57   3.17 
* Obj 5 Summe = 85
  1.21   0.85   3.34   1.38   0.00   0.72   1.84   3.08   1.12   2.31 
  1.48   1.54   2.09   2.20   2.62   2.57   3.36   2.90   5.41   4.23 
  4.86   3.31   1.38   3.44   2.85   0.71   2.36   2.35   1.83   3.19 
  0.74   2.59   3.98   4.75   2.73 
* Obj 6 Summe = 95
  1.46   0.82   2.77   1.62   0.72   0.00   2.09   2.50   2.08   2.56 
  2.44   2.50   3.06   3.16   3.58   3.54   4.32   3.86   4.84   3.66 
  4.29   2.74   2.34   4.40   3.82   0.96   1.78   2.60   2.08   2.62 
  0.89   3.55   4.77   4.56   2.15 
* Obj 7 Summe = 124
  1.73   1.76   4.25   1.89   1.84   2.05   0.00   3.99   2.65   2.83 
  3.01   3.07   3.62   3.73   4.15   4.11   4.89   4.43   6.32   5.14 
  5.77   4.22   2.91   4.97   4.39   1.23   3.27   2.86   2.74   4.10 
  2.71   4.12   5.51   6.04   3.64 
* Obj 8 Summe = 145
  3.38   2.74   2.04   3.54   3.10   2.59   4.01   0.00   4.30   4.48 
  4.66   4.72   5.27   5.38   5.62   5.22   5.90   5.93   6.17   4.99 
  5.62   3.61   4.56   5.90   5.24   2.88   1.05   4.51   3.99   1.89 
  3.92   5.62   6.09   5.89   0.52 
* Obj 9 Summe = 90
  2.04   2.07   4.57   2.20   1.30   2.26   2.67   4.30   0.00   3.14 
  0.46   0.52   1.59   1.70   2.11   2.07   2.85   1.88   4.82   3.49 
  3.99   4.54   0.36   2.93   2.04   1.54   3.58   3.18   3.05   4.41 
  1.57   1.57   3.16   3.92   3.95 
* Obj 10 Summe = 135
  1.16   2.23   4.72   1.16   2.31   2.52   2.83   4.46   3.12   0.00 
  3.48   3.54   4.10   4.20   4.62   4.58   5.36   4.90   6.80   5.61 
  6.24   4.69   3.38   5.44   4.86   1.70   3.74   0.60   3.21   4.57 
  3.18   4.59   5.99   6.51   4.11 
* Obj 11 Summe = 94
  2.36   2.40   4.89   2.53   1.62   2.58   2.99   4.62   0.49   3.46 
  0.00   0.91   1.62   2.02   2.44   2.02   3.18   1.49   4.42   3.10 
  3.60   4.86   0.13   3.26   1.64   1.86   3.90   3.50   3.38   4.74 
  1.90   1.17   2.77   3.53   4.27 
* Obj 12 Summe = 90
  2.46   2.49   4.98   2.62   1.71   2.68   3.09   4.72   0.52   3.56 
  0.88   0.00   0.77   1.04   1.45   1.41   2.20   1.64   4.50   3.17 
  3.67   4.95   0.78   2.28   1.25   1.96   4.00   3.59   3.47   4.83 
  1.99   0.61   2.38   3.59   4.37 
* Obj 13 Summe = 96
  2.97   3.00   5.49   3.13   2.22   3.19   3.60   5.23   1.54   4.07 
  1.69   0.77   0.00   0.72   1.14   0.58   1.88   1.57   4.08   2.76 
  3.26   5.46   1.75   1.96   0.53   2.47   4.51   4.10   3.98   5.34 
  2.50   0.54   1.66   3.11   4.88 
* Obj 14 Summe = 102
  3.13   3.16   5.65   3.29   2.38   3.35   3.76   5.39   1.70   4.23 
  2.06   1.09   0.72   0.00   0.78   0.83   1.23   2.57   4.41   3.07 
  3.67   5.62   1.96   1.31   1.11   2.63   4.67   4.26   4.14   5.50 
  2.66   1.68   2.24   2.99   5.04 
* Obj 15 Summe = 109
  3.54   3.58   5.78   3.71   2.80   3.77   4.18   5.52   2.12   4.65 
  2.48   1.51   1.14   0.78   0.00   0.70   1.15   2.99   4.02   2.62 
  3.22   5.58   2.38   1.23   1.53   3.05   4.80   4.68   4.56   5.63 
  3.08   2.09   2.14   2.53   5.17 
* Obj 16 Summe = 101
  3.50   3.53   5.39   3.66   2.76   3.72   4.13   5.12   2.08   4.60 
  2.05   1.46   0.58   0.83   0.70   0.00   1.87   1.94   3.63   2.22 
  2.83   5.19   2.12   1.91   0.48   3.00   4.40   4.64   4.51   5.24 
  3.04   1.36   1.61   2.14   4.77 
* Obj 17 Summe = 127
  4.29   4.32   6.09   4.45   3.54   4.51   4.92   5.83   2.86   5.39 
  3.22   2.25   1.88   1.23   1.15   1.87   0.00   3.51   3.68   2.93 
  3.54   5.89   3.12   0.58   2.27   3.79   5.11   5.42   5.30   5.94 
  3.82   2.83   2.81   2.85   5.48 
* Obj 18 Summe = 121
  3.81   3.84   6.07   3.97   3.06   4.03   4.44   5.81   1.94   4.91 
  1.51   1.60   1.53   2.57   2.99   1.94   3.46   0.00   4.34   3.01 
  3.51   5.87   1.58   3.46   1.56   3.31   5.08   4.94   4.82   5.92 
  3.34   1.09   2.68   3.45   5.46 
* Obj 19 Summe = 189
  6.56   5.92   6.70   6.72   6.28   5.78   7.19   6.43   5.64   7.66 
  5.21   5.30   4.85   4.93   4.48   4.08   4.39   5.10   0.00   2.57 
  4.42   6.50   5.28   3.84   4.41   6.06   5.71   7.70   7.18   6.55 
  7.04   4.79   4.95   2.49   6.08 
* Obj 20 Summe = 129
  4.73   4.09   4.87   4.89   4.45   3.94   5.36   4.60   3.81   5.83 
  3.38   3.47   3.01   3.05   2.60   2.21   2.88   3.27   2.18   0.00 
  2.59   4.67   3.45   2.88   2.58   4.23   3.88   5.86   5.35   4.72 
  5.21   2.96   3.08   0.18   4.25 
* Obj 21 Summe = 148
  5.23   4.59   5.37   5.39   4.95   4.44   5.86   5.10   4.09   6.33 
  3.66   3.75   3.30   3.69   3.24   2.85   3.52   3.55   4.11   2.79 
  0.00   5.17   3.73   3.52   2.86   4.73   4.38   6.36   5.85   5.22 
  5.49   3.24   3.72   3.51   4.75 
* Obj 22 Summe = 156
  3.55   2.91   4.23   3.71   3.27   2.76   4.18   3.97   4.47   4.65 
  4.83   4.89   5.45   5.55   5.46   5.06   5.74   5.77   6.01   4.83 
  5.46   0.00   4.73   5.74   5.08   3.05   3.25   4.68   4.17   4.08 
  4.09   5.46   5.93   5.72   3.62 
* Obj 23 Summe = 92
  2.26   2.29   4.79   2.42   1.52   2.48   2.89   4.52   0.39   3.36 
  0.13   0.81   1.69   1.92   2.33   2.09   3.07   1.55   4.49   3.16 
  3.67   4.76   0.00   3.16   1.71   1.76   3.80   3.40   3.27   4.63 
  1.80   1.24   2.84   3.60   4.17 
* Obj 24 Summe = 128
  4.37   4.40   6.09   4.53   3.62   4.59   5.00   5.83   2.94   5.47 
  3.30   2.33   1.96   1.31   1.23   1.94   0.58   3.51   3.13   2.93 
  3.53   5.89   3.20   0.00   2.35   3.87   5.11   5.50   5.38   5.94 
  3.90   2.92   2.81   2.85   5.48 
* Obj 25 Summe = 105
  3.78   3.81   5.39   3.94   3.04   4.00   4.41   5.12   2.10   4.88 
  1.67   1.25   0.53   1.11   1.53   0.48   2.27   1.56   3.65   2.32 
  2.83   5.18   1.74   2.35   0.00   3.28   4.40   4.92   4.79   5.23 
  3.32   1.03   1.23   2.76   4.77 
* Obj 26 Summe = 87
  0.60   0.63   3.12   0.76   0.71   0.92   1.23   2.86   1.52   1.70 
  1.88   1.94   2.50   2.60   3.02   2.98   3.76   3.30   5.20   4.01 
  4.64   3.09   1.78   3.84   3.26   0.00   2.14   1.73   1.61   2.97 
  1.58   2.99   4.39   4.91   2.51 
* Obj 27 Summe = 122
  2.65   2.02   1.05   2.82   2.38   1.87   3.29   1.05   3.58   3.76 
  3.94   4.00   4.55   4.66   4.90   4.50   5.18   5.21   5.45   4.27 
  4.90   2.88   3.84   5.18   4.52   2.16   0.00   3.79   3.27   0.90 
  3.20   4.90   5.37   5.16   0.70 
* Obj 28 Summe = 136
  1.19   2.26   4.76   1.20   2.35   2.55   2.86   4.49   3.16   0.60 
  3.52   3.57   4.13   4.24   4.66   4.61   5.40   4.94   6.83   5.65 
  6.28   4.73   3.42   5.48   4.89   1.73   3.77   0.00   3.24   4.60 
  3.22   4.62   6.02   6.54   4.14 
* Obj 29 Summe = 131
  2.11   1.75   4.24   2.27   1.83   2.04   2.74   3.97   3.03   3.21 
  3.40   3.45   4.01   4.12   4.53   4.49   5.27   4.81   6.31   5.13 
  5.76   4.21   3.29   5.35   4.77   1.61   3.25   3.24   0.00   4.09 
  3.09   4.50   5.90   6.03   3.62 
* Obj 30 Summe = 149
  3.49   2.85   1.68   3.65   3.21   2.71   4.12   1.89   4.42   4.59 
  4.78   4.83   5.39   5.50   5.73   5.34   6.01   6.04   6.28   5.10 
  5.73   3.72   4.67   6.01   5.35   2.99   0.90   4.62   4.11   0.00 
  4.03   5.73   6.21   6.00   1.54 
* Obj 31 Summe = 102
  1.92   1.96   4.11   2.09   0.74   0.89   2.55   3.84   1.40   3.02 
  1.76   1.81   2.37   2.48   2.90   2.85   3.64   3.18   6.11   4.79 
  5.29   4.08   1.66   3.72   3.13   1.43   3.12   3.06   2.94   3.96 
  0.00   2.87   4.26   5.03   3.49 
* Obj 32 Summe = 107
  3.54   3.57   5.72   3.70   2.79   3.76   4.17   5.46   1.67   4.64 
  1.24   0.61   0.54   1.62   2.04   1.38   2.78   1.13   3.99   2.66 
  3.16   5.52   1.31   2.86   1.03   3.04   4.74   4.67   4.55   5.57 
  3.07   0.00   2.16   3.10   5.11 
* Obj 33 Summe = 137
  4.91   4.94   6.26   5.07   4.16   5.13   5.54   5.99   3.22   6.01 
  2.80   2.38   1.66   2.24   2.14   1.61   2.78   2.68   4.50   3.09 
  3.70   6.06   2.86   2.78   1.23   4.41   5.27   6.04   5.92   6.11 
  4.44   2.16   0.00   3.01   5.64 
* Obj 34 Summe = 146
  5.66   5.20   5.98   5.83   4.92   5.06   6.29   5.71   3.94   6.77 
  3.51   3.60   3.09   2.97   2.52   2.13   2.80   3.40   2.10   0.18 
  3.42   5.78   3.58   2.80   2.71   5.17   4.99   6.80   6.46   5.83 
  5.20   3.09   3.00   0.00   5.36 
* Obj 35 Summe = 134
  3.03   2.39   1.69   3.19   2.75   2.24   3.66   0.52   3.95   4.13 
  4.31   4.37   4.92   5.03   5.27   4.87   5.55   5.58   5.82   4.64 
  5.27   3.26   4.21   5.55   4.89   2.53   0.70   4.16   3.64   1.54 
  3.57   5.27   5.74   5.54   0.00 
* Netzobjektnamen
$NAMES
1 ""
2 ""
3 ""
4 ""
5 ""
6 ""
7 ""
8 ""
9 ""
10 ""
11 ""
12 ""
13 ""
14 ""
15 ""
16 ""
17 ""
18 ""
19 ""
20 ""
21 ""
22 ""
23 ""
24 ""
25 ""
26 ""
27 ""
28 ""
29 ""
30 ""
31 ""
32 ""
33 ""
34 ""
35 ""
 