$V;D3
* Von Bis
0000 0000
* Faktor
1.00
*  
* KIT Karlsruher Institut für Technologie Fakultät Bau, Geo + Umwelt Karlsruhe
* 20.11.19
* Anzahl Netzobjekte
35
* Netzobjekt-Nummern
         1          2          3          4          5          6          7          8          9         10 
        11         12         13         14         15         16         17         18         19         20 
        21         22         23         24         25         26         27         28         29         30 
        31         32         33         34         35 
*
* Obj 1 Summe = 200008
 0.000  0.094  0.352  0.045  0.101  0.118  0.143  0.356  0.183  0.097 
 0.213  0.217  0.264  0.277  0.311  0.300  0.373  0.342 99999.900  0.543 
 0.599 99999.900  0.205  0.380  0.308  0.049  0.273  0.099  0.132  0.342 
 0.142  0.276  0.365  0.535  0.326 
* Obj 2 Summe = 200008
 0.094  0.000  0.297  0.108  0.071  0.066  0.146  0.300  0.180  0.186 
 0.210  0.214  0.261  0.274  0.308  0.297  0.370  0.339 99999.900  0.540 
 0.596 99999.900  0.202  0.377  0.305  0.052  0.218  0.188  0.102  0.286 
 0.123  0.273  0.362  0.532  0.271 
* Obj 3 Summe = 200014
 0.352  0.297  0.000  0.366  0.330  0.282  0.405  0.189  0.436  0.445 
 0.466  0.470  0.517  0.530  0.564  0.553  0.626  0.595 99999.900  0.796 
 0.852 99999.900  0.458  0.633  0.561  0.311  0.088  0.447  0.353  0.141 
 0.342  0.529  0.618  0.788  0.160 
* Obj 4 Summe = 200009
 0.045  0.108  0.366  0.000  0.115  0.132  0.157  0.369  0.197  0.097 
 0.227  0.231  0.278  0.291  0.325  0.314  0.387  0.356 99999.900  0.557 
 0.613 99999.900  0.219  0.394  0.322  0.063  0.287  0.100  0.146  0.356 
 0.156  0.290  0.379  0.549  0.340 
* Obj 5 Summe = 200007
 0.101  0.071  0.330  0.115  0.000  0.060  0.154  0.333  0.108  0.193 
 0.138  0.142  0.189  0.202  0.236  0.225  0.298  0.267 99999.900  0.468 
 0.524 99999.900  0.130  0.306  0.233  0.060  0.251  0.196  0.110  0.319 
 0.048  0.202  0.290  0.460  0.304 
* Obj 6 Summe = 200008
 0.118  0.066  0.282  0.132  0.060  0.000  0.171  0.285  0.156  0.210 
 0.186  0.190  0.237  0.250  0.284  0.273  0.346  0.315 99999.900  0.517 
 0.572 99999.900  0.178  0.354  0.281  0.077  0.202  0.212  0.123  0.271 
 0.062  0.250  0.338  0.509  0.256 
* Obj 7 Summe = 200010
 0.143  0.146  0.405  0.157  0.154  0.171  0.000  0.408  0.235  0.236 
 0.266  0.269  0.316  0.329  0.364  0.353  0.425  0.394 99999.900  0.596 
 0.652 99999.900  0.257  0.433  0.360  0.102  0.326  0.238  0.185  0.394 
 0.195  0.329  0.417  0.588  0.379 
* Obj 8 Summe = 200014
 0.355  0.300  0.189  0.369  0.333  0.285  0.408  0.000  0.439  0.448 
 0.470  0.473  0.520  0.533  0.568  0.556  0.629  0.598 99999.900  0.800 
 0.855 99999.900  0.461  0.637  0.564  0.314  0.107  0.450  0.357  0.177 
 0.345  0.533  0.621  0.792  0.042 
* Obj 9 Summe = 200007
 0.183  0.180  0.436  0.197  0.108  0.156  0.235  0.439  0.000  0.275 
 0.039  0.043  0.121  0.141  0.176  0.165  0.237  0.168 99999.900  0.386 
 0.425 99999.900  0.030  0.245  0.136  0.141  0.357  0.277  0.218  0.425 
 0.110  0.104  0.193  0.378  0.410 
* Obj 10 Summe = 200011
 0.097  0.186  0.445  0.097  0.193  0.210  0.236  0.448  0.275  0.000 
 0.305  0.309  0.356  0.369  0.403  0.392  0.465  0.434 99999.900  0.635 
 0.691 99999.900  0.297  0.473  0.400  0.142  0.365  0.050  0.224  0.434 
 0.235  0.369  0.457  0.627  0.419 
* Obj 11 Summe = 200008
 0.213  0.210  0.466  0.227  0.138  0.186  0.266  0.470  0.039  0.305 
 0.000  0.073  0.141  0.172  0.206  0.180  0.268  0.135 99999.900  0.405 
 0.392 99999.900  0.012  0.275  0.156  0.172  0.387  0.308  0.248  0.456 
 0.140  0.110  0.213  0.397  0.440 
* Obj 12 Summe = 200007
 0.217  0.214  0.470  0.231  0.142  0.190  0.269  0.473  0.043  0.309 
 0.073  0.000  0.064  0.091  0.126  0.102  0.187  0.130 99999.900  0.336 
 0.370 99999.900  0.065  0.195  0.079  0.175  0.391  0.311  0.252  0.459 
 0.144  0.047  0.136  0.328  0.444 
* Obj 13 Summe = 200007
 0.264  0.261  0.517  0.278  0.189  0.237  0.316  0.520  0.121  0.356 
 0.141  0.064  0.000  0.060  0.093  0.048  0.154  0.123 99999.900  0.281 
 0.335 99999.900  0.143  0.162  0.044  0.222  0.438  0.358  0.299  0.506 
 0.191  0.041  0.101  0.273  0.491 
* Obj 14 Summe = 200008
 0.277  0.274  0.530  0.291  0.202  0.250  0.329  0.533  0.141  0.369 
 0.172  0.091  0.060  0.000  0.066  0.070  0.102  0.185 99999.900  0.307 
 0.377 99999.900  0.163  0.109  0.093  0.235  0.451  0.371  0.312  0.519 
 0.204  0.102  0.150  0.299  0.504 
* Obj 15 Summe = 200009
 0.311  0.308  0.564  0.325  0.236  0.284  0.364  0.568  0.176  0.403 
 0.206  0.126  0.093  0.066  0.000  0.058  0.095  0.219 99999.900  0.269 
 0.339 99999.900  0.198  0.103  0.109  0.270  0.485  0.406  0.346  0.554 
 0.238  0.136  0.128  0.261  0.538 
* Obj 16 Summe = 200008
 0.300  0.297  0.553  0.314  0.225  0.273  0.353  0.556  0.164  0.392 
 0.180  0.102  0.048  0.070  0.058  0.000  0.138  0.161 99999.900  0.236 
 0.307 99999.900  0.186  0.146  0.039  0.258  0.474  0.394  0.335  0.542 
 0.227  0.079  0.096  0.228  0.527 
* Obj 17 Summe = 200010
 0.373  0.370  0.626  0.387  0.298  0.346  0.425  0.629  0.237  0.465 
 0.268  0.187  0.154  0.102  0.095  0.138  0.000  0.280 99999.900  0.306 
 0.377 99999.900  0.259  0.048  0.183  0.331  0.547  0.467  0.408  0.615 
 0.299  0.198  0.203  0.298  0.600 
* Obj 18 Summe = 200010
 0.342  0.339  0.595  0.356  0.267  0.315  0.394  0.598  0.168  0.434 
 0.135  0.130  0.123  0.185  0.219  0.161  0.280  0.000 99999.900  0.387 
 0.374 99999.900  0.141  0.288  0.138  0.300  0.516  0.436  0.377  0.584 
 0.269  0.092  0.195  0.379  0.569 
* Obj 19 Summe = 3399997
99999.900 99999.900 99999.900 99999.900 99999.900 99999.900 99999.900 99999.900 99999.900 99999.900 
99999.900 99999.900 99999.900 99999.900 99999.900 99999.900 99999.900 99999.900  0.000 99999.900 
99999.900 99999.900 99999.900 99999.900 99999.900 99999.900 99999.900 99999.900 99999.900 99999.900 
99999.900 99999.900 99999.900 99999.900 99999.900 
* Obj 20 Summe = 200015
 0.543  0.540  0.796  0.557  0.468  0.517  0.596  0.800  0.386  0.635 
 0.405  0.336  0.281  0.307  0.269  0.236  0.306  0.387 99999.900  0.000 
 0.405 99999.900  0.408  0.307  0.273  0.502  0.717  0.638  0.578  0.786 
 0.470  0.312  0.266  0.016  0.770 
* Obj 21 Summe = 200016
 0.599  0.596  0.852  0.613  0.524  0.572  0.651  0.855  0.424  0.691 
 0.392  0.370  0.335  0.377  0.339  0.307  0.377  0.374 99999.900  0.405 
 0.000 99999.900  0.398  0.377  0.299  0.557  0.773  0.693  0.634  0.841 
 0.526  0.344  0.336  0.397  0.826 
* Obj 22 Summe = 3399997
99999.900 99999.900 99999.900 99999.900 99999.900 99999.900 99999.900 99999.900 99999.900 99999.900 
99999.900 99999.900 99999.900 99999.900 99999.900 99999.900 99999.900 99999.900 99999.900 99999.900 
99999.900  0.000 99999.900 99999.900 99999.900 99999.900 99999.900 99999.900 99999.900 99999.900 
99999.900 99999.900 99999.900 99999.900 99999.900 
* Obj 23 Summe = 200007
 0.205  0.202  0.458  0.219  0.130  0.178  0.257  0.461  0.030  0.297 
 0.012  0.065  0.143  0.163  0.198  0.187  0.259  0.141 99999.900  0.408 
 0.398 99999.900  0.000  0.267  0.158  0.163  0.379  0.299  0.240  0.447 
 0.132  0.116  0.215  0.400  0.432 
* Obj 24 Summe = 200011
 0.380  0.377  0.633  0.394  0.306  0.354  0.433  0.637  0.245  0.473 
 0.275  0.195  0.162  0.109  0.103  0.146  0.048  0.288 99999.900  0.307 
 0.377 99999.900  0.267  0.000  0.191  0.339  0.554  0.475  0.415  0.623 
 0.307  0.205  0.203  0.299  0.607 
* Obj 25 Summe = 200008
 0.308  0.305  0.561  0.322  0.233  0.281  0.360  0.564  0.136  0.400 
 0.156  0.079  0.044  0.093  0.109  0.039  0.183  0.138 99999.900  0.273 
 0.299 99999.900  0.158  0.191  0.000  0.266  0.482  0.402  0.343  0.550 
 0.235  0.055  0.065  0.265  0.535 
* Obj 26 Summe = 200007
 0.049  0.052  0.311  0.063  0.060  0.077  0.102  0.314  0.141  0.142 
 0.172  0.175  0.222  0.235  0.270  0.258  0.331  0.300 99999.900  0.502 
 0.557 99999.900  0.163  0.339  0.266  0.000  0.232  0.144  0.091  0.300 
 0.101  0.235  0.323  0.494  0.285 
* Obj 27 Summe = 200012
 0.273  0.218  0.088  0.287  0.250  0.202  0.326  0.107  0.357  0.365 
 0.387  0.391  0.438  0.451  0.485  0.474  0.547  0.516 99999.900  0.717 
 0.773 99999.900  0.379  0.554  0.482  0.232  0.000  0.367  0.274  0.076 
 0.263  0.450  0.539  0.709  0.077 
* Obj 28 Summe = 200011
 0.099  0.188  0.447  0.100  0.196  0.212  0.238  0.450  0.277  0.050 
 0.308  0.311  0.358  0.371  0.406  0.394  0.467  0.436 99999.900  0.638 
 0.693 99999.900  0.299  0.475  0.402  0.144  0.368  0.000  0.227  0.436 
 0.237  0.371  0.459  0.630  0.421 
* Obj 29 Summe = 200009
 0.132  0.102  0.353  0.146  0.110  0.123  0.185  0.357  0.218  0.224 
 0.248  0.252  0.299  0.312  0.346  0.335  0.408  0.377 99999.900  0.578 
 0.634 99999.900  0.240  0.415  0.343  0.091  0.274  0.227  0.000  0.343 
 0.161  0.311  0.400  0.570  0.327 
* Obj 30 Summe = 200014
 0.342  0.286  0.141  0.355  0.319  0.271  0.394  0.177  0.425  0.434 
 0.456  0.459  0.506  0.519  0.554  0.542  0.615  0.584 99999.900  0.786 
 0.842 99999.900  0.447  0.623  0.550  0.300  0.076  0.436  0.343  0.000 
 0.331  0.519  0.607  0.778  0.147 
* Obj 31 Summe = 200007
 0.142  0.123  0.342  0.156  0.048  0.062  0.195  0.345  0.110  0.235 
 0.140  0.144  0.191  0.204  0.238  0.227  0.299  0.269 99999.900  0.470 
 0.526 99999.900  0.132  0.307  0.235  0.101  0.263  0.237  0.161  0.331 
 0.000  0.203  0.292  0.462  0.316 
* Obj 32 Summe = 200008
 0.276  0.273  0.529  0.290  0.202  0.250  0.329  0.533  0.104  0.369 
 0.110  0.047  0.041  0.102  0.136  0.079  0.198  0.092 99999.900  0.312 
 0.344 99999.900  0.116  0.205  0.055  0.235  0.450  0.371  0.311  0.519 
 0.203  0.000  0.112  0.304  0.503 
* Obj 33 Summe = 200010
 0.365  0.362  0.618  0.379  0.290  0.338  0.417  0.621  0.193  0.457 
 0.213  0.136  0.101  0.150  0.128  0.096  0.203  0.195 99999.900  0.266 
 0.336 99999.900  0.215  0.203  0.065  0.323  0.539  0.459  0.400  0.607 
 0.292  0.112  0.000  0.258  0.592 
* Obj 34 Summe = 200014
 0.535  0.532  0.788  0.549  0.460  0.509  0.588  0.792  0.378  0.627 
 0.397  0.328  0.273  0.299  0.261  0.228  0.298  0.379 99999.900  0.016 
 0.397 99999.900  0.400  0.299  0.265  0.494  0.709  0.630  0.570  0.778 
 0.462  0.304  0.258  0.000  0.762 
* Obj 35 Summe = 200013
 0.326  0.271  0.160  0.340  0.304  0.256  0.379  0.042  0.410  0.418 
 0.440  0.444  0.491  0.504  0.538  0.527  0.600  0.569 99999.900  0.770 
 0.826 99999.900  0.432  0.607  0.535  0.285  0.077  0.421  0.327  0.147 
 0.316  0.503  0.592  0.762  0.000 
* Netzobjektnamen
$NAMES
1 ""
2 ""
3 ""
4 ""
5 ""
6 ""
7 ""
8 ""
9 ""
10 ""
11 ""
12 ""
13 ""
14 ""
15 ""
16 ""
17 ""
18 ""
19 ""
20 ""
21 ""
22 ""
23 ""
24 ""
25 ""
26 ""
27 ""
28 ""
29 ""
30 ""
31 ""
32 ""
33 ""
34 ""
35 ""
 