$V;D3
* Von Bis
0000 0000
* Faktor
1.00
*  
* KIT Karlsruher Institut für Technologie Fakultät Bau, Geo + Umwelt Karlsruhe
* 20.11.19
* Anzahl Netzobjekte
35
* Netzobjekt-Nummern
         1          2          3          4          5          6          7          8          9         10 
        11         12         13         14         15         16         17         18         19         20 
        21         22         23         24         25         26         27         28         29         30 
        31         32         33         34         35 
*
* Obj 1 Summe = 30
 0.000  0.281  1.057  0.135  0.303  0.354  0.430  1.067  0.548  0.291 
 0.639  0.651  0.792  0.830  0.933  0.924  1.118  1.025  2.384  1.731 
 1.892  1.157  0.614  1.141  0.993  0.148  0.819  0.297  0.396  1.030 
 0.455  0.951  1.164  2.055  0.979 
* Obj 2 Summe = 29
 0.281  0.000  0.905  0.323  0.214  0.202  0.439  0.915  0.558  0.558 
 0.649  0.660  0.801  0.840  0.943  0.933  1.127  1.035  2.232  1.579 
 1.740  1.005  0.624  1.150  1.002  0.157  0.667  0.565  0.307  0.878 
 0.464  0.960  1.173  1.903  0.827 
* Obj 3 Summe = 51
 1.057  0.891  0.000  1.098  0.989  0.863  1.214  0.578  1.333  1.334 
 1.424  1.435  1.576  1.615  2.180  2.084  2.294  2.301  2.708  2.055 
 2.216  1.296  1.399  2.295  2.076  0.932  0.264  1.340  1.082  0.424 
 1.040  2.226  2.172  2.379  0.490 
* Obj 4 Summe = 31
 0.135  0.323  1.099  0.000  0.345  0.395  0.471  1.108  0.590  0.292 
 0.681  0.692  0.833  0.872  0.975  0.965  1.160  1.067  2.426  1.772 
 1.934  1.199  0.656  1.182  1.035  0.189  0.861  0.299  0.438  1.071 
 0.496  0.992  1.206  2.097  1.020 
* Obj 5 Summe = 25
 0.303  0.214  0.989  0.345  0.000  0.179  0.461  0.999  0.324  0.580 
 0.415  0.426  0.568  0.606  0.709  0.700  0.894  0.801  2.317  1.663 
 1.824  1.089  0.390  0.917  0.769  0.179  0.752  0.587  0.329  0.962 
 0.145  0.727  0.940  1.410  0.911 
* Obj 6 Summe = 28
 0.364  0.198  0.845  0.406  0.179  0.000  0.522  0.855  0.468  0.641 
 0.559  0.571  0.712  0.750  0.853  0.844  1.038  0.946  2.173  1.519 
 1.680  0.945  0.534  1.061  0.913  0.240  0.607  0.648  0.390  0.818 
 0.186  0.871  1.636  1.843  0.767 
* Obj 7 Summe = 35
 0.430  0.439  1.215  0.471  0.461  0.512  0.000  1.225  0.706  0.707 
 0.797  0.808  0.949  0.988  1.091  1.082  1.276  1.183  2.542  1.889 
 2.050  1.315  0.772  1.299  1.151  0.306  0.977  0.713  0.554  1.188 
 0.613  1.109  1.322  2.213  1.137 
* Obj 8 Summe = 51
 1.066  0.901  0.568  1.108  0.999  0.873  1.224  0.000  1.343  1.343 
 1.434  1.445  1.586  1.625  2.190  2.094  2.304  2.310  2.718  2.065 
 2.226  1.306  1.409  2.305  2.086  0.942  0.320  1.350  1.092  0.530 
 1.050  2.236  2.182  2.389  0.126 
* Obj 9 Summe = 26
 0.559  0.568  1.344  0.600  0.335  0.479  0.717  1.354  0.000  0.836 
 0.116  0.128  0.399  0.438  0.541  0.531  0.725  0.503  1.827  1.171 
 1.282  1.444  0.091  0.748  0.590  0.434  1.106  0.842  0.683  1.316 
 0.339  0.428  0.761  1.312  1.265 
* Obj 10 Summe = 38
 0.291  0.558  1.334  0.292  0.580  0.631  0.707  1.344  0.825  0.000 
 0.916  0.927  1.069  1.107  1.210  1.201  1.395  1.302  2.661  2.008 
 2.169  1.434  0.891  1.418  1.270  0.425  1.096  0.149  0.673  1.307 
 0.732  1.228  1.441  2.332  1.256 
* Obj 11 Summe = 27
 0.640  0.650  1.425  0.682  0.416  0.560  0.798  1.435  0.127  0.917 
 0.000  0.229  0.424  0.519  0.623  0.587  0.807  0.405  1.730  1.074 
 1.185  1.526  0.036  0.830  0.493  0.516  1.188  0.924  0.765  1.398 
 0.421  0.331  0.664  1.215  1.347 
* Obj 12 Summe = 25
 0.661  0.671  1.446  0.703  0.437  0.581  0.819  1.456  0.128  0.938 
 0.219  0.000  0.192  0.274  0.377  0.368  0.562  0.404  1.701  1.045 
 1.156  1.546  0.194  0.585  0.236  0.537  1.208  0.945  0.785  1.419 
 0.442  0.142  0.407  1.079  1.368 
* Obj 13 Summe = 26
 0.792  0.801  1.577  0.833  0.568  0.712  0.949  1.586  0.389  1.069 
 0.445  0.192  0.000  0.180  0.283  0.143  0.468  0.384  1.558  0.903 
 1.014  1.677  0.462  0.491  0.131  0.667  1.339  1.075  0.916  1.549 
 0.572  0.122  0.302  0.837  1.498 
* Obj 14 Summe = 28
 0.830  0.840  1.615  0.872  0.606  0.750  0.988  1.625  0.427  1.107 
 0.518  0.274  0.180  0.000  0.197  0.209  0.305  0.692  1.309  0.937 
 1.133  1.715  0.493  0.328  0.278  0.706  1.377  1.114  0.954  1.588 
 0.611  0.306  0.449  0.913  1.537 
* Obj 15 Summe = 32
 0.933  0.943  2.125  0.975  0.709  0.853  1.091  2.135  0.530  1.210 
 0.622  0.377  0.283  0.197  0.000  0.173  0.286  0.795  1.408  0.823 
 1.018  2.189  0.596  0.309  0.381  0.809  1.888  1.217  1.057  2.098 
 0.714  0.409  0.393  0.799  2.047 
* Obj 16 Summe = 31
 0.924  0.933  2.029  0.965  0.700  0.844  1.082  2.038  0.521  1.201 
 0.593  0.368  0.143  0.209  0.173  0.000  0.466  0.532  1.312  0.726 
 0.922  2.092  0.610  0.522  0.118  0.799  1.791  1.207  1.048  2.001 
 0.704  0.236  0.289  0.702  1.950 
* Obj 17 Summe = 37
 1.118  1.127  2.239  1.160  0.894  1.038  1.276  2.248  0.715  1.395 
 0.806  0.562  0.468  0.305  0.286  0.466  0.000  1.083  1.126  0.936 
 1.132  2.302  0.781  0.144  0.566  0.994  2.001  1.401  1.242  2.211 
 0.898  0.594  0.608  0.912  2.160 
* Obj 18 Summe = 37
 1.033  1.043  2.237  1.075  0.809  0.953  1.191  2.247  0.519  1.310 
 0.412  0.390  0.369  0.692  0.795  0.532  1.075  0.000  1.675  1.019 
 1.130  2.301  0.429  1.077  0.438  0.909  2.000  1.316  1.157  2.210 
 0.814  0.276  0.609  1.160  2.159 
* Obj 19 Summe = 69
 2.540  2.374  2.613  2.582  2.473  2.346  2.698  2.622  1.988  2.817 
 1.881  1.858  1.702  1.504  1.389  1.293  1.208  1.819  0.000  0.816 
 1.607  2.676  1.897  1.074  1.595  2.416  2.375  2.824  2.566  2.585 
 2.282  1.745  1.381  0.792  2.534 
* Obj 20 Summe = 48
 1.881  1.715  1.953  1.922  1.813  1.687  2.038  1.963  1.328  2.158 
 1.221  1.199  1.042  0.931  0.816  0.720  0.930  1.160  0.860  0.000 
 0.948  2.016  1.238  0.931  0.935  1.756  1.715  2.164  1.906  1.926 
 1.623  1.085  0.808  0.047  1.874 
* Obj 21 Summe = 52
 1.941  1.775  2.013  1.983  1.873  1.747  2.099  2.023  1.306  2.218 
 1.198  1.176  1.020  1.131  1.017  0.920  1.130  1.137  1.615  0.960 
 0.000  2.077  1.215  1.132  0.913  1.817  1.776  2.224  1.966  1.986 
 1.600  1.062  1.008  1.215  1.935 
* Obj 22 Summe = 56
 1.148  0.982  1.458  1.190  1.080  0.954  1.306  1.467  1.424  1.425 
 1.516  1.527  1.668  1.706  2.150  2.054  2.264  2.271  2.678  2.025 
 2.186  0.000  1.490  2.265  2.047  1.024  1.220  1.431  1.173  1.430 
 1.132  2.196  2.142  2.349  1.379 
* Obj 23 Summe = 26
 0.615  0.625  1.400  0.657  0.391  0.535  0.773  1.410  0.101  0.892 
 0.036  0.204  0.441  0.494  0.597  0.603  0.782  0.422  1.747  1.091 
 1.202  1.500  0.000  0.805  0.509  0.491  1.162  0.898  0.739  1.373 
 0.396  0.348  0.680  1.232  1.322 
* Obj 24 Summe = 38
 1.141  1.150  2.240  1.182  0.917  1.061  1.299  2.250  0.738  1.418 
 0.829  0.585  0.491  0.328  0.309  0.522  0.144  1.085  0.992  0.938 
 1.133  2.304  0.804  0.000  0.589  1.016  2.003  1.424  1.265  2.213 
 0.921  0.616  0.610  0.914  2.162 
* Obj 25 Summe = 32
 0.993  1.002  2.014  1.035  0.769  0.913  1.151  2.024  0.607  1.270 
 0.500  0.236  0.131  0.278  0.381  0.118  0.566  0.438  1.451  0.796 
 0.907  2.077  0.516  0.589  0.000  0.869  1.776  1.276  1.117  1.987 
 0.773  0.166  0.195  0.936  1.936 
* Obj 26 Summe = 26
 0.148  0.157  0.933  0.189  0.179  0.230  0.306  0.942  0.424  0.425 
 0.515  0.526  0.667  0.706  0.809  0.799  0.994  0.901  2.260  1.606 
 1.768  1.033  0.490  1.016  0.869  0.000  0.695  0.431  0.272  0.905 
 0.330  0.826  1.040  1.931  0.854 
* Obj 27 Summe = 43
 0.819  0.653  0.264  0.861  0.751  0.625  0.977  0.320  1.095  1.096 
 1.186  1.198  1.339  1.377  1.943  1.846  2.056  2.063  2.471  1.817 
 1.978  1.058  1.161  2.058  1.839  0.695  0.000  1.102  0.844  0.227 
 0.803  1.988  1.934  2.141  0.232 
* Obj 28 Summe = 38
 0.297  0.565  1.340  0.299  0.587  0.637  0.713  1.350  0.831  0.149 
 0.923  0.934  1.075  1.114  1.217  1.207  1.401  1.309  2.668  2.014 
 2.175  1.441  0.897  1.424  1.276  0.431  1.103  0.000  0.680  1.313 
 0.738  1.234  1.447  2.338  1.262 
* Obj 29 Summe = 33
 0.396  0.307  1.082  0.438  0.329  0.379  0.554  1.092  0.672  0.673 
 0.764  0.775  0.916  0.954  1.057  1.048  1.242  1.150  2.410  1.756 
 1.917  1.182  0.738  1.265  1.117  0.272  0.845  0.680  0.000  1.055 
 0.579  1.075  1.288  2.080  1.004 
* Obj 30 Summe = 50
 1.029  0.863  0.424  1.071  0.962  0.835  1.187  0.530  1.306  1.306 
 1.397  1.408  1.549  1.588  2.153  2.057  2.266  2.273  2.681  2.027 
 2.189  1.269  1.372  2.268  2.049  0.905  0.227  1.313  1.055  0.000 
 1.013  2.199  2.145  2.352  0.442 
* Obj 31 Summe = 27
 0.455  0.464  1.026  0.496  0.145  0.186  0.613  1.036  0.329  0.732 
 0.420  0.431  0.572  0.611  0.714  0.704  0.898  0.806  2.131  1.475 
 1.586  1.126  0.395  0.921  0.773  0.330  0.788  0.738  0.579  0.999 
 0.000  0.731  0.944  1.415  0.947 
* Obj 32 Summe = 33
 0.973  0.982  2.149  1.015  0.749  0.893  1.131  2.159  0.459  1.250 
 0.352  0.142  0.122  0.306  0.409  0.238  0.594  0.290  1.587  0.931 
 1.042  2.213  0.369  0.616  0.166  0.849  1.912  1.256  1.097  2.122 
 0.753  0.000  0.337  1.072  2.071 
* Obj 33 Summe = 36
 1.164  1.173  2.117  1.205  0.940  1.084  1.322  2.127  0.778  1.441 
 0.670  0.407  0.302  0.449  0.393  0.289  0.608  0.609  1.400  0.814 
 1.010  2.180  0.687  0.610  0.195  1.040  1.879  1.447  1.288  2.089 
 0.944  0.337  0.000  0.790  2.038 
* Obj 34 Summe = 49
 1.628  2.058  2.296  1.670  1.404  2.030  1.786  2.306  1.309  1.905 
 1.202  1.179  0.831  0.907  0.792  0.696  0.906  1.140  0.836  0.047 
 1.189  2.359  1.218  0.907  0.916  1.504  2.058  1.911  2.249  2.269 
 1.409  1.065  0.784  0.000  2.218 
* Obj 35 Summe = 48
 0.978  0.812  0.480  1.020  0.911  0.784  1.136  0.126  1.254  1.255 
 1.346  1.357  1.498  1.537  2.102  2.005  2.215  2.222  2.630  1.976 
 2.138  1.218  1.320  2.217  1.998  0.854  0.232  1.262  1.004  0.442 
 0.962  2.148  2.094  2.301  0.000 
* Netzobjektnamen
$NAMES
1 ""
2 ""
3 ""
4 ""
5 ""
6 ""
7 ""
8 ""
9 ""
10 ""
11 ""
12 ""
13 ""
14 ""
15 ""
16 ""
17 ""
18 ""
19 ""
20 ""
21 ""
22 ""
23 ""
24 ""
25 ""
26 ""
27 ""
28 ""
29 ""
30 ""
31 ""
32 ""
33 ""
34 ""
35 ""
 